{
  "advancedEditorSelectedIdentifier" : "ShaderGraphEditorPluginID",
  "openSceneRelativePaths" : [
    "Container_30x11cm.usdc",
    "Scene.usda",
    "Ball.usda"
  ],
  "recentIdentifiers" : {
    "17AE344C-4B2A-4B50-9991-3974CFC0CF7F" : [

    ]
  },
  "sceneCameraHistory" : {
    "0BB9BBAA-91CC-4015-9238-F27FA1E46FA2" : [
      {
        "date" : 746982928.889644,
        "title" : "Untitled",
        "transform" : [
          0.99999994,
          0,
          -0,
          0,
          -0,
          0.8660254,
          -0.49999994,
          0,
          0,
          0.49999994,
          0.8660254,
          0,
          0,
          0.22374053,
          0.38753,
          1
        ]
      }
    ],
    "1D9D960D-5E96-41B2-AAE7-71C34E9EEE81" : [
      {
        "date" : 746965394.458406,
        "title" : "Untitled",
        "transform" : [
          0.7714778,
          4.570527e-09,
          -0.6362563,
          0,
          -0.45707986,
          0.695641,
          -0.55422163,
          0,
          0.4426059,
          0.71838963,
          0.5366716,
          0,
          0.10274001,
          0.16675632,
          0.12457502,
          1
        ]
      },
      {
        "date" : 746965363.385603,
        "title" : "Untitled",
        "transform" : [
          1,
          0,
          -0,
          0,
          -0,
          0.8660254,
          -0.5,
          0,
          0,
          0.5,
          0.8660254,
          0,
          0,
          0.18645066,
          0.32294205,
          1
        ]
      }
    ],
    "6AB4C970-B58F-41E5-8A29-AD19DBB5A27E" : [
      {
        "date" : 746965342.018664,
        "title" : "Untitled",
        "transform" : [
          0.75435895,
          -1.7419417e-09,
          -0.6564622,
          0,
          -0.29700816,
          0.8917961,
          -0.34130034,
          0,
          0.5854304,
          0.45243755,
          0.67273444,
          0,
          0.38959754,
          0.2842611,
          0.44769737,
          1
        ]
      },
      {
        "date" : 746965320.176345,
        "title" : "Untitled",
        "transform" : [
          1,
          0,
          -0,
          0,
          -0,
          0.8543952,
          -0.51962376,
          0,
          0,
          0.51962376,
          0.8543952,
          0,
          0,
          0.46362144,
          0.8030161,
          1
        ]
      }
    ],
    "8EC72F85-56A6-413B-8545-8E825F496CE4" : [
      {
        "date" : 746965400.535304,
        "title" : "Untitled",
        "transform" : [
          0.45808208,
          2.973625e-10,
          -0.88890994,
          0,
          -0.32747886,
          0.9296654,
          -0.16875975,
          0,
          0.8263887,
          0.36840504,
          0.42586306,
          0,
          0.8437145,
          0.5509173,
          0.43479154,
          1
        ]
      },
      {
        "date" : 746965320.376886,
        "title" : "Untitled",
        "transform" : [
          0.99999994,
          0,
          -0,
          0,
          -0,
          0.89047426,
          -0.4550335,
          0,
          0,
          0.4550335,
          0.89047426,
          0,
          0,
          1.5055048,
          2.104271,
          1
        ]
      }
    ],
    "17AE344C-4B2A-4B50-9991-3974CFC0CF7F" : [
      {
        "date" : 746982189.388664,
        "title" : "Untitled",
        "transform" : [
          0.9949778,
          -5.399844e-09,
          -0.1000959,
          0,
          -0.072792836,
          0.68639505,
          -0.7235766,
          0,
          0.06870547,
          0.72722876,
          0.6829478,
          0,
          0.01534422,
          0.15780342,
          0.15252487,
          1
        ]
      },
      {
        "date" : 746982181.629541,
        "title" : "Untitled",
        "transform" : [
          0.85776895,
          -3.1588225e-09,
          0.5140356,
          0,
          0.21441223,
          0.90885335,
          -0.35778916,
          0,
          -0.4671828,
          0.41711578,
          0.77958614,
          0,
          -0.103449434,
          0.08888072,
          0.1726257,
          1
        ]
      },
      {
        "date" : 746982020.94056,
        "title" : "Untitled",
        "transform" : [
          0.99352545,
          -1.9215611e-09,
          -0.11361013,
          0,
          -0.06437375,
          0.8239806,
          -0.56294936,
          0,
          0.09361266,
          0.5666179,
          0.8186457,
          0,
          0.020796662,
          0.1220368,
          0.18186732,
          1
        ]
      },
      {
        "date" : 746981994.070659,
        "title" : "Untitled",
        "transform" : [
          0.9999888,
          -2.081726e-09,
          0.004726715,
          0,
          0.0030061265,
          0.77166665,
          -0.63602024,
          0,
          -0.003647355,
          0.6360273,
          0.77165806,
          0,
          -0.00081183657,
          0.13747105,
          0.17176223,
          1
        ]
      },
      {
        "date" : 746981985.874823,
        "title" : "Untitled",
        "transform" : [
          0.9982759,
          -2.0395972e-09,
          -0.058696136,
          0,
          -0.030788235,
          0.8513904,
          -0.5236283,
          0,
          0.04997342,
          0.5245326,
          0.8499225,
          0,
          0.011090615,
          0.11269215,
          0.18862313,
          1
        ]
      },
      {
        "date" : 746981962.169395,
        "title" : "Untitled",
        "transform" : [
          0.9908964,
          -2.3612503e-09,
          -0.1346267,
          0,
          -0.09195505,
          0.73038495,
          -0.67681766,
          0,
          0.09832941,
          0.6830357,
          0.7237358,
          0,
          0.021921549,
          0.14794263,
          0.16134942,
          1
        ]
      },
      {
        "date" : 746981941.64119,
        "title" : "Untitled",
        "transform" : [
          0.99672556,
          -2.158736e-09,
          -0.080858745,
          0,
          -0.05046834,
          0.7813031,
          -0.6221081,
          0,
          0.06317528,
          0.62415177,
          0.77874476,
          0,
          0.014057043,
          0.13482821,
          0.17327714,
          1
        ]
      },
      {
        "date" : 746981925.749793,
        "title" : "Untitled",
        "transform" : [
          0.9965624,
          -2.23028e-09,
          -0.08284504,
          0,
          -0.058410168,
          0.7091568,
          -0.7026271,
          0,
          0.058750223,
          0.7050507,
          0.7067191,
          0,
          0.013108753,
          0.1528527,
          0.15768777,
          1
        ]
      },
      {
        "date" : 746981915.788175,
        "title" : "Untitled",
        "transform" : [
          0.99954385,
          -4.1075747e-09,
          -0.03020113,
          0,
          -0.016029749,
          0.8475223,
          -0.5305177,
          0,
          0.025596227,
          0.5307597,
          0.8471358,
          0,
          0.008959884,
          0.17990117,
          0.2965364,
          1
        ]
      },
      {
        "date" : 746981907.884022,
        "title" : "Untitled",
        "transform" : [
          0.96472114,
          -4.091988e-09,
          -0.26327392,
          0,
          -0.108378485,
          0.9113392,
          -0.39713317,
          0,
          0.23993199,
          0.41165593,
          0.8791883,
          0,
          0.0837782,
          0.13826315,
          0.3069903,
          1
        ]
      }
    ],
    "54A6DDD5-3EBF-4C65-A2D2-D8A2651F6B57" : [
      {
        "date" : 746977187.896875,
        "title" : "Untitled",
        "transform" : [
          0.99999994,
          0,
          -0,
          0,
          -0,
          0.87817985,
          -0.47833055,
          0,
          0,
          0.47833055,
          0.87817985,
          0,
          0,
          0.42517054,
          0.6887857,
          1
        ]
      }
    ],
    "57E6C641-8ED9-4045-8BBD-052D882CB76C" : [
      {
        "date" : 746965359.139587,
        "title" : "Untitled",
        "transform" : [
          0.99999994,
          0,
          -0,
          0,
          -0,
          0.8479324,
          -0.5301042,
          0,
          0,
          0.5301042,
          0.8479324,
          0,
          0,
          0.29886118,
          0.51764274,
          1
        ]
      }
    ],
    "D66134B1-3681-4A8E-AFE5-29F257229F3B" : [
      {
        "date" : 746980687.122944,
        "title" : "Untitled",
        "transform" : [
          0.99714845,
          1.7422796e-08,
          0.07546452,
          0,
          0.012451959,
          0.98629284,
          -0.16453367,
          0,
          -0.074430116,
          0.16500418,
          0.9834804,
          0,
          -0.18918218,
          0.50881445,
          0.83798146,
          1
        ]
      },
      {
        "date" : 746980677.247342,
        "title" : "Untitled",
        "transform" : [
          0.99714845,
          1.7422796e-08,
          0.07546452,
          0,
          0.012451959,
          0.98629284,
          -0.16453367,
          0,
          -0.074430116,
          0.16500418,
          0.9834804,
          0,
          -0.2604011,
          0.66669923,
          1.7790298,
          1
        ]
      },
      {
        "date" : 746980667.40093,
        "title" : "Untitled",
        "transform" : [
          0.35098746,
          1.6875923e-08,
          -0.93638015,
          0,
          -0.44684336,
          0.8787932,
          -0.16749224,
          0,
          0.8228845,
          0.4772029,
          0.3084454,
          0,
          1.3406278,
          1.2144575,
          0.6364386,
          1
        ]
      },
      {
        "date" : 746980663.834559,
        "title" : "Untitled",
        "transform" : [
          1,
          0,
          -0,
          0,
          -0,
          0.8836986,
          -0.4680565,
          0,
          0,
          0.4680565,
          0.8836986,
          0,
          0,
          1.4593143,
          2.0242677,
          1
        ]
      }
    ],
    "F7AC3FCD-400C-4245-BB59-8B6837F07B1C" : [
      {
        "date" : 746982192.705818,
        "title" : "Untitled",
        "transform" : [
          0.4935364,
          3.1035103e-08,
          -0.8697251,
          0,
          0.030802812,
          0.99937266,
          0.017479444,
          0,
          0.8691795,
          -0.035416633,
          0.49322695,
          0,
          0.14159706,
          -0.00576925,
          0.08035107,
          1
        ]
      },
      {
        "date" : 746982115.952823,
        "title" : "Untitled",
        "transform" : [
          0.9734592,
          2.9898974e-08,
          -0.22886081,
          0,
          -0.07554176,
          0.94395393,
          -0.3213168,
          0,
          0.21603397,
          0.3300774,
          0.91890055,
          0,
          0.0351938,
          0.05377295,
          0.14969692,
          1
        ]
      },
      {
        "date" : 746982113.664963,
        "title" : "Untitled",
        "transform" : [
          0.83519435,
          2.9893762e-08,
          0.5499549,
          0,
          0.18811513,
          0.93967974,
          -0.28568286,
          0,
          -0.5167815,
          0.34205562,
          0.78481513,
          0,
          -0.08418822,
          0.055724304,
          0.12785321,
          1
        ]
      },
      {
        "date" : 746982098.088939,
        "title" : "Untitled",
        "transform" : [
          0.83519435,
          2.9893762e-08,
          0.5499549,
          0,
          0.18811513,
          0.93967974,
          -0.28568286,
          0,
          -0.5167815,
          0.34205562,
          0.78481513,
          0,
          -0.53554374,
          0.35447583,
          0.8133084,
          1
        ]
      },
      {
        "date" : 746982049.22154,
        "title" : "Untitled",
        "transform" : [
          0.83519435,
          2.9893762e-08,
          0.5499549,
          0,
          0.18811513,
          0.93967974,
          -0.28568286,
          0,
          -0.5167815,
          0.34205562,
          0.78481513,
          0,
          -0.10911003,
          0.07221981,
          0.16570096,
          1
        ]
      },
      {
        "date" : 746982035.842732,
        "title" : "Untitled",
        "transform" : [
          0.83519435,
          2.9893762e-08,
          0.5499549,
          0,
          0.18811513,
          0.93967974,
          -0.28568286,
          0,
          -0.5167815,
          0.34205562,
          0.78481513,
          0,
          -0.14461009,
          0.09571716,
          0.21961348,
          1
        ]
      },
      {
        "date" : 746981987.534481,
        "title" : "Untitled",
        "transform" : [
          0.83519435,
          2.9893762e-08,
          0.5499549,
          0,
          0.18811513,
          0.93967974,
          -0.28568286,
          0,
          -0.5167815,
          0.34205562,
          0.78481513,
          0,
          -0.5563355,
          0.36823747,
          0.84488416,
          1
        ]
      },
      {
        "date" : 746981943.800045,
        "title" : "Untitled",
        "transform" : [
          0.95859104,
          2.7118599e-08,
          0.28478628,
          0,
          0.03624878,
          0.99186635,
          -0.12201341,
          0,
          -0.28247,
          0.12728417,
          0.95079404,
          0,
          -0.30409014,
          0.13702759,
          1.0235673,
          1
        ]
      },
      {
        "date" : 746981936.156276,
        "title" : "Untitled",
        "transform" : [
          0.8166152,
          2.7334677e-08,
          0.5771825,
          0,
          0.11488979,
          0.9799888,
          -0.16254954,
          0,
          -0.5656324,
          0.19905287,
          0.8002738,
          0,
          -0.6089256,
          0.21428941,
          0.8615261,
          1
        ]
      },
      {
        "date" : 746981927.629318,
        "title" : "Untitled",
        "transform" : [
          0.9953552,
          -2.5652866e-09,
          0.09627128,
          0,
          0.0704384,
          0.68166345,
          -0.72826743,
          0,
          -0.06562465,
          0.73166597,
          0.6784972,
          0,
          -0.07064754,
          0.7876681,
          0.73042816,
          1
        ]
      }
    ]
  },
  "selectedSceneRelativePath" : "Ball.usda"
}