{
  "advancedEditorSelectedIdentifier" : "ProjectBrowser",
  "openSceneRelativePaths" : [
    "Scene.usda"
  ],
  "recentIdentifiers" : {
    "12D4A6FE-4D0F-45B3-88EB-A8D40AF26594" : [

    ]
  },
  "sceneCameraHistory" : {
    "12D4A6FE-4D0F-45B3-88EB-A8D40AF26594" : [
      {
        "date" : 746965309.377605,
        "title" : "Untitled",
        "transform" : [
          -0.00028155686,
          3.1286618e-10,
          -1,
          0,
          -0.1468031,
          0.9891657,
          4.131219e-05,
          0,
          0.9891657,
          0.14680289,
          -0.00027855462,
          0,
          1.1315316,
          0.59026253,
          -0.0026581734,
          1
        ]
      },
      {
        "date" : 746965301.827941,
        "title" : "Untitled",
        "transform" : [
          -0.0634391,
          3.1196729e-10,
          -0.9979857,
          0,
          0.16048637,
          0.9869853,
          -0.010201681,
          0,
          0.9849972,
          -0.16081052,
          -0.06261351,
          0,
          0.89884496,
          0.27386752,
          -0.0598581,
          1
        ]
      },
      {
        "date" : 746965294.36063,
        "title" : "Untitled",
        "transform" : [
          -0.25971776,
          3.266536e-10,
          -0.9656846,
          0,
          0.14615494,
          0.98848045,
          -0.039307922,
          0,
          0.9545603,
          -0.15134877,
          -0.25672597,
          0,
          0.8270011,
          0.28263488,
          -0.23254302,
          1
        ]
      },
      {
        "date" : 746965291.791868,
        "title" : "Untitled",
        "transform" : [
          -0.009724307,
          2.257138e-09,
          -0.99995273,
          0,
          0.068879075,
          0.9976249,
          -0.00066985044,
          0,
          0.9975776,
          -0.06888256,
          -0.009701243,
          0,
          0.904782,
          0.35796246,
          -0.012177587,
          1
        ]
      },
      {
        "date" : 746965287.254085,
        "title" : "Untitled",
        "transform" : [
          -0.19971319,
          2.2401543e-09,
          -0.9798544,
          0,
          0.21957599,
          0.9745684,
          -0.04475383,
          0,
          0.954935,
          -0.22409065,
          -0.19463417,
          0,
          0.84682244,
          0.21554664,
          -0.17987622,
          1
        ]
      },
      {
        "date" : 746965274.535119,
        "title" : "Untitled",
        "transform" : [
          0.07447345,
          3.0506866e-09,
          -0.997223,
          0,
          0.012988665,
          0.99991524,
          0.0009699878,
          0,
          0.9971384,
          -0.013025071,
          0.074467085,
          0,
          0.9096754,
          0.40697974,
          0.062637575,
          1
        ]
      },
      {
        "date" : 746965200.221934,
        "title" : "Untitled",
        "transform" : [
          0.09263046,
          2.9876275e-09,
          -0.9957006,
          0,
          0.03141187,
          0.9995023,
          0.0029222432,
          0,
          0.9952049,
          -0.03154774,
          0.092584305,
          0,
          0.9041277,
          0.39013404,
          0.07879683,
          1
        ]
      },
      {
        "date" : 746965185.987914,
        "title" : "Untitled",
        "transform" : [
          0.020410411,
          3.1252536e-09,
          -0.99979174,
          0,
          -0.20587009,
          0.97857034,
          -0.0042027826,
          0,
          0.97836655,
          0.20591275,
          0.019972974,
          0,
          0.9183794,
          0.6510726,
          -0.038238086,
          1
        ]
      },
      {
        "date" : 746965175.360692,
        "title" : "Untitled",
        "transform" : [
          0.020410411,
          3.1252536e-09,
          -0.99979174,
          0,
          -0.20587009,
          0.97857034,
          -0.0042027826,
          0,
          0.97836655,
          0.20591275,
          0.019972974,
          0,
          0.95768493,
          0.46003044,
          0.005956821,
          1
        ]
      },
      {
        "date" : 746965168.079197,
        "title" : "Untitled",
        "transform" : [
          0.100027576,
          3.424601e-09,
          -0.9949847,
          0,
          -0.64329183,
          0.7628848,
          -0.064671285,
          0,
          0.75905883,
          0.64653426,
          0.07630949,
          0,
          0.8482188,
          0.9200277,
          0.07198478,
          1
        ]
      }
    ]
  },
  "sceneViewportBackgroundColors" : {

  }
}